Arreglo antes del ordenamiento: 
870128690 
654552922 
207442309 
1511588122 
834068396 
1846873530 
966245083 
1799388853 
494387258 
984674766 
846455593 
178804962 
118245790 
1920624725 
839426280 
187130533 
1990378944 
525017507 
2083630786 
312394492 

Arreglo despues del ordenamiento: 
178804962 
187130533 
207442309 
494387258 
525017507 
654552922 
834068396 
839426280 
846455593 
856834115 
870128690 
966245083 
984674766 
1511588122 
1799388853 
1846873530 
1920624725 
1990378944 
2083630786 
312394492 
